8.450000000000001
12.287500000000001
12.1375
3.5333333333333328
10.5
9.475
9.7
8.544444444444443
9.320833333333333
5.220833333333333
1.4375000000000002
9.901666666666666
5.325
13.23333333333333
10.26666666666667
0.9625
10.733333333333334
16.344444444444445
17.966666666666665
5.908333333333333
8.75
9.099999999999998
22.433333333333344
2.6666666666666665
9.720833333333333
5.775
16.566666666666666
10.799999999999999
2.6375
39.61060606060606
3.025
11.066666666666666
6.0
1.1666666666666667
21.805555555555557
10.176388888888889
7.100000000000001
26.199999999999996
16.666666666666664
2.95
6.699999999999999
8.033333333333333
2.144444444444444
13.366666666666667
20.799999999999997
16.96666666666667
18.05888888888889
9.833333333333336
9.966666666666663
97.89999999999999
1.4999999999999998
14.2375
0.1375
5.737499999999999
6.166666666666666
13.266666666666667
1.1666666666666667
21.309848484848484
0.7
5.0124999999999975
6.666666666666667
6.400000000000001
19.03333333333333
7.633333333333335
23.76666666666667
8.066666666666666
11.008333333333335
12.533333333333331
10.562500000000004
3.166666666666668
6.466666666666668
3.4333333333333336
10.233333333333334
0.4625
2.224999999999999
13.177777777777777
1.75
6.9
13.8
0.18888888888888888
2.075
8.495833333333334
0.6777777777777778
3.8999999999999995
11.258333333333331
7.966666666666666
13.425
5.8
3.066666666666667
29.63333333333334
30.645833333333332
3.1375
8.680555555555555
22.608333333333327
6.599999999999999
0.725
9.184090909090909
4.079166666666667
0.4666666666666667
7.629166666666668
